220.87	0.0011817	2.006	319.89	-6.9675	139.89	7.0876
223.87	8.4272e-05	2.2336	323.02	-6.4597	143.17	6.1389
227.39	7.4093e-07	6.0784	314.43	-0.49689	128.6	3.234
231.5	5.9531e-07	0.22871	331.4	-3.6857	148.54	2.3155
235.58	7.0303e-09	0.42243	328.36	-3.5057	128.34	0.76374
239.95	1.5981e-07	2.6858	316.08	-9.4244	166.09	2.1195
243.79	1.4025e-08	4.8498	309.54	-0.51891	143.86	18.622
248.86	1.2536e-08	1.1309	328.96	-5.7269	161.16	-2.2357
253.56	4.3465e-06	3.6445	327.87	-2.543	134.16	-0.62854
258.32	9.617e-11	0.0062715	333.98	0.0035947	161.72	11.594
263.11	1.8606e-09	3.6585	309.64	-3.2065	149.51	-4.4448
268.55	3.944e-08	4.4806	321.68	-2.7052	136.85	-12.078
272.74	3.3628e-08	4.6548	312.49	-1.3405	128.79	2.7481
278.12	8.2352e-08	3.5999	313.44	-3.8506	151.21	-6.5141
407.05	6.5597e-10	1.5142	319.55	-1.7219	153.25	20.349
410.53	5.1235e-13	5.2212	301.45	-3.0059	141.08	-17.864
413.18	7.0601e-07	1.7069	318.6	-4.249	141.32	0.71828
544.6	3.8518e-12	1.4297	321.05	-5.7088	157.14	-17.885
548.41	3.5765e-13	2.1353	319.18	-0.40054	134.31	-12.719
550.3	7.1128e-13	5.0254	317.62	-0.13397	150.65	30.181
553.45	2.8812e-11	0.80842	306.82	-7.096	136.75	5.8439
556.38	1.5688e-13	2.5422	303.82	-4.8348	134.78	9.668
559.49	1.5405e-15	1.708	307.13	-8.638	161.6	-16.736
563.54	1.4151e-15	0.90918	303.15	-3.9043	133.25	-3.6594
566.64	3.6008e-11	4.276	321.83	-7.199	140.02	-0.51484
570.08	1.1702e-13	4.3171	311.06	-7.0672	144.15	-6.3326
573.19	1.192e-13	1.1588	301.84	-6.9574	136.42	3.2599
576.81	2.1646e-13	0.24803	312.22	-7.4976	156.3	4.0782
579.92	3.6716e-12	6.2076	315.62	-1.0639	144.35	13.2
583.55	2.4238e-11	0.74351	311.7	-3.5689	144.33	2.5199
586.95	1.1576e-12	5.8255	309.72	-2.2856	142.82	5.0054
590.49	2.6638e-16	3.694	297.29	-8.2726	126.71	0.96855
594.04	5.3512e-16	4.1686	311.72	-1.285	154.09	-4.9787
597.28	1.7852e-15	3.1539	312.64	-5.2409	122.16	3.6825
601.1	1.3181e-16	0.0011088	301.35	-4.4525	154.03	-5.6736
603.98	3.2869e-15	0.10701	307.88	-3.9972	127.72	9.1961
608.3	5.182e-15	1.4085	309.25	-4.8776	152.17	8.4759
611.95	6.2973e-13	1.0829	312.89	-4.4127	140.87	-3.1601
615.5	4.3231e-16	0.027994	305.74	-2.1833	145.64	-5.0171
619.21	5.553e-14	4.971	325.41	-3.1821	140.82	-4.5373
622.49	1.2525e-14	3.187	339.09	-3.4173	137.15	3.6412
626.27	1.4353e-15	1.687	310.54	-5.5481	161.64	-0.7744
630.04	5.1328e-15	2.5034	315.72	-6.7307	159.8	3.2462
633.38	6.3402e-13	1.5221	314.75	-3.6106	146.24	10.955
637.03	7.3221e-15	5.2213	300.67	-6.1381	137.89	6.252
640.95	1.1429e-14	4.2916	308.72	-7.1333	147.76	-0.82239
644.59	2.2443e-15	2.2065	314.29	-2.9792	156.54	-2.2264
806.33	1.5112e-14	4.1448	310.05	-6.1252	151.3	6.9056
809.11	3.139e-17	1.476	306.24	-3.0918	151.27	-14.858
812.26	7.4571e-15	5.0387	305.33	-5.1167	145.59	4.7865
816.5	1.083e-15	2.9771	311.74	-4.3061	135.61	-15.804
819.44	7.7133e-13	1.1988	318.1	-2.8508	135.66	0.17445
823.29	1.8993e-13	5.1371	325.54	-5.0115	137.97	-2.7609
825.75	8.3389e-18	0.020361	299.51	-1.4291	128.09	19.245
830.91	1.6432e-15	3.0592	298.01	-5.7037	138.38	-0.41615
834.88	1.0272e-13	6.1287	321.83	-5.7402	147.71	-2.5126
838.94	1.3723e-14	0.036791	309.77	-8.0459	132.29	-1.2713
842.96	7.9537e-15	4.2851	320.69	-5.9358	155	1.0337
847.06	8.3389e-18	4.1838	298.71	-5.9758	151.59	26.764
851.25	3.7084e-13	1.0728	321.87	-5.2864	147.25	-0.08435
856.29	2.1953e-15	3.1307	313.33	-4.7119	125.12	-11.364
860.27	9.7367e-17	0.51129	308.77	-0.8999	130.84	-9.8708
863	1.481e-14	1.1859	320.98	-4.9951	133.37	20.534
868	1.6705e-12	6.2519	323.27	-7.0744	143.73	12.728
872.6	6.6283e-15	5.4626	317.03	-6.6504	153.75	-4.8884
1073.7	8.3389e-18	5.6857	304.03	-5.0604	149.93	36.167
1076.4	5.4817e-12	3.1241	317.49	-7.0985	138.67	4.2837
1079.6	9.2187e-17	3.5779	306.99	-3.6976	153.72	0.50295
1082.8	4.014e-15	5.9494	315.12	-8.8524	155.81	-3.7299
1086.4	4.0299e-15	1.4182	310.05	-3.5569	137.86	-5.6663
1089.9	3.2201e-16	0.094316	308.2	-5.6578	137.51	-7.8281
1093.1	1.515e-16	3.3142	308.14	-4.4427	157.05	0.62398
1096.8	2.9885e-17	0.91016	302.05	-1.8791	139.41	-7.1558
1100.3	2.1936e-15	3.6057	314.74	-2.3173	163.69	4.3503
1103.3	2.0331e-15	3.8595	301.12	-4.9299	132.8	7.8443
1107.4	1.288e-15	0.9907	311.69	-6.7618	123.14	-0.37426
1111	1.0116e-12	3.7773	315.64	-6.548	147.43	6.0723
1115.2	2.6538e-15	5.9475	321.39	-0.7189	142.38	-13.36
1118.6	3.1712e-13	4.3964	315.44	-6.4585	149.64	8.7496
1121.3	6.3913e-17	3.8271	332.49	-2.848	122.7	12.558
1126.3	8.3389e-18	1.4468	303.49	-6.626	142.16	-8.7625
1128.6	8.3389e-18	1.3143	298.37	-0.29639	132.25	27.515
1133.8	9.6267e-18	1.8546	304.29	-2.4498	153.36	-0.81798
1137.2	1.9605e-15	0.39638	302.68	-4.0905	140.94	14.237
1141.3	9.6728e-15	4.3562	314.67	-0.73476	126.88	4.1937
1145.5	5.2478e-15	0.14631	313.39	-1.2607	145.38	-5.5955
1149.2	8.3389e-18	6.0686	291.08	-0.44521	152.36	-15.247
1153.1	8.3389e-18	0.86812	303.29	-2.0075	154.01	-17.492
1157.1	3.6718e-16	5.7105	301.46	-1.8175	130.4	2.3499
1160.7	8.3389e-18	6.0326	302.11	-3.0728	123.84	6.3828
1165.1	1.8082e-13	6.0873	331.12	-4.4444	140.13	4.6988
1169.2	2.7092e-16	2.433	302.88	-5.1338	150.89	5.4483
1173.2	1.1765e-15	1.906	304.47	-7.6802	134.46	-0.1155
1177.1	1.8031e-17	5.8822	305.54	-3.0513	150.59	48.864
