137.69	0.018878	2.2229	74.609	-22.675	254.59	25.14
141.79	6.2499e-09	4.9584	60.784	-12.795	231.57	78.501
141.18	9.7872e-09	6.0679	64.44	-15.111	237.01	34.919
144.03	0.00019789	0.27634	67.914	-15.547	248.91	29.161
150.17	1.5948e-08	3.3734	58.403	-12.242	243.74	51.814
154.01	5.5118e-10	2.2316	59.545	-12.34	238.6	49.916
155.83	2.3246e-05	0.15922	65.865	-16.708	244.21	29.063
162.37	1.1388e-09	5.3128	54.474	-12.091	234.79	49.619
166.23	1.6806e-09	2.4656	60.096	-15.492	247.24	50.106
167.9	5.0027e-07	0.49274	64.576	-15.118	242.75	26.419
173.9	2.123e-09	4.3794	62.962	-15.808	241.23	40.099
177.13	8.0926e-05	3.5529	71.083	-17.255	259.97	31.84
182.85	7.104e-07	5.7469	74.801	-17.123	239.42	38.609
182.18	3.5736e-08	1.3169	66.586	-18.976	246.33	0.67277
190.78	4.6332e-09	1.1917	51.941	-16.746	263.21	36.659
194.95	2.2193e-06	2.8843	61.666	-18.256	259.89	31.722
199.6	3.8438e-07	5.6611	67.974	-16.571	248.29	29.423
203.75	5.9325e-09	2.3433	59.787	-17.325	241.93	23.826
209.51	1.7966e-09	0.021895	60.301	-13.449	247.69	32.412
217.08	1.8759e-07	5.4366	70.828	-19.282	236.68	55.238
217.17	1.8399e-09	3.6123	60.294	-19.115	238.96	19.029
222.54	9.8964e-09	5.9519	73.611	-16.177	235.14	23.678
228.65	1.332e-09	0.43311	61.642	-19.175	262.21	38.222
232.33	2.9561e-09	1.256	59.411	-22.583	262.88	26.481
240.96	7.5506e-11	5.7388	62.168	-15.326	240.46	55.317
312.69	3.6153e-07	2.5833	72.01	-22.45	247.61	31.418
313.18	8.3749e-09	0.32066	66.798	-14.033	246.25	15.909
316.13	7.8502e-10	2.4281	64.32	-16.671	259.34	14.727
321.65	1.175e-07	4.3948	63.314	-22.454	251.47	30.091
327.08	2.2033e-10	1.9193	65.019	-17.356	242.4	42.989
328.94	1.1306e-07	1.0226	73.75	-21.451	245.35	30.83
329.7	2.157e-12	6.2304	59.079	-17.545	246.88	10.171
337.03	1.9608e-08	4.9613	70.121	-19.496	247.42	34.92
340.34	2.3903e-08	4.6854	71.782	-20.798	259.38	34.817
345.46	6.3098e-10	3.5845	70.868	-16.954	238.92	41.364
348.08	1.0625e-08	4.7263	73.191	-19.471	243.99	30.7
351.95	2.1973e-09	5.323	62.496	-22.646	250.59	31.73
356.42	3.7409e-09	1.5642	68	-23.562	258.44	36.401
360.61	2.5117e-12	0.45367	55.322	-19.543	257.16	38.271
364.09	9.9135e-11	5.2393	63.889	-18.885	242.39	30.659
369.29	1.1765e-12	6.2176	61.319	-21.154	243.51	39.91
371.02	2.9421e-10	1.4233	60.203	-19.378	255.69	22.952
376.42	5.9882e-09	1.7053	78.488	-17.934	246.64	31.742
380.38	9.8018e-10	1.4714	79.04	-22.783	263	32.336
384.64	4.6923e-12	2.6204	62.923	-17.435	243.8	30.235
389.76	8.9277e-13	2.7538	61.985	-22.539	242.14	36.77
393.4	2.6418e-11	2.0948	70.435	-17.383	239.16	32.271
397.58	3.7836e-11	0.5471	73.412	-14.217	269.17	39.081
512.39	1.9744e-11	1.6483	64.498	-21.606	248.1	32.487
513.35	7.3731e-13	4.4035	59.79	-20.252	249.28	19.107
518.79	3.5039e-10	2.7858	68.564	-19.062	260.95	33.188
523.51	3.3908e-16	2.6604	61.457	-19.325	241.9	34.094
526.97	9.1725e-13	1.3146	59.892	-18.924	257.55	28.599
531.2	1.1189e-10	3.076	73.527	-24.47	252.75	24.725
536.57	1.3382e-13	3.2193	62.63	-20.015	263.13	31.015
541.44	2.2217e-12	4.3178	89.093	-21.141	248.88	27.319
543.79	1.2364e-13	3.0126	79.007	-19.861	258.62	10.055
552.07	7.3116e-11	2.561	67.399	-21.398	250.9	30.399
553.36	3.7739e-17	4.4606	52.13	-21.121	248.1	3.1676
687.4	1.1996e-13	5.2193	61.184	-21.708	255.17	24.518
691.37	6.2827e-15	6.1702	78.699	-25.723	264.25	36.975
693.98	5.8401e-14	0.0048329	62.921	-22.783	250.59	30.273
700.29	8.3389e-18	3.328	57.332	-18.01	240.45	54.471
698.25	1.6895e-16	3.1438	57.968	-22.075	263.51	17.323
702.95	4.1979e-13	5.0416	67.013	-20.6	261.18	26.659
707.02	8.2458e-13	4.9318	70.974	-24.43	247.65	29.508
709.32	1.6938e-12	3.1858	79.501	-23.345	260.11	23.527
712.94	1.3943e-14	1.7065	60.72	-22.902	248.65	23.592
717.61	5.6287e-13	1.3941	68.645	-20.532	253.34	32.59
719.88	1.0247e-13	5.6047	70.9	-19.112	243.3	22.945
726.26	8.1924e-15	2.1675	74.025	-22.129	277.28	69.393
728.1	1.5791e-13	4.1472	67.327	-23.857	259.82	32.966
732.28	8.8101e-16	2.9514	67.571	-17.059	240.46	34.452
735.23	5.4301e-13	5.1502	67.382	-25.617	256.24	31.048
738.14	1.5677e-12	4.7267	75.581	-20.286	247.27	25.181
741.29	1.1409e-15	5.1893	66.23	-21.434	271.59	25.771
743.75	1.5646e-13	4.0647	70.178	-22.699	253.97	14.033
751.13	2.3303e-15	3.7402	65.696	-22.697	253.37	39.776
752.1	3.5233e-13	4.63	78.379	-21.344	263.86	21.65
757.74	1.1333e-13	3.1706	72.334	-20.413	245.29	32.776
761.73	8.537e-15	5.2625	70.781	-24.328	242.15	33.863
763.75	5.0747e-13	6.0052	65.228	-20.354	256.97	23.756
768.6	2.9288e-13	4.541	83.267	-20.606	251.12	30.576
771.68	1.3824e-13	3.4114	73.341	-25.646	242.87	24.911
776.78	2.7335e-15	2.7789	81.579	-17.386	242.98	33.972
