145.13	3.2914e-07	3.5331	71.655	-21.52	251.56	26.455
151.49	3.2264e-07	0.38118	54.137	-6.9737	221.11	110.42
147.62	1.4909e-08	0.91704	55.538	-9.1542	229.85	52.695
149.45	9.6034e-08	1.2303	58.118	-9.8558	237.36	42.509
158.73	2.5164e-08	4.8782	53.304	-7.0564	231.28	76.382
162.39	5.3831e-08	3.7046	53.988	-7.1696	230.27	74.029
161.25	1.3407e-08	1.1133	57.259	-10.842	235.17	41.888
170.59	3.5235e-08	0.47522	50.15	-7.5834	227.7	70.224
174.52	7.1687e-09	3.9241	54.707	-9.5228	234.16	71.297
172.96	7.3865e-10	1.383	57.317	-9.2907	235.51	39.673
181.04	9.7654e-08	5.6353	56.535	-9.8803	233.65	58.208
182.58	9.1001e-08	4.5113	62.202	-12.347	246.78	41.614
189.64	1.496e-09	0.65791	64.659	-12.27	232.6	52.296
182.31	3.9521e-09	1.3398	58.772	-13.231	238.89	0.93259
196.85	1.1481e-08	2.2604	50.192	-11.263	248.6	48.584
200.44	5.0357e-09	3.8504	56.508	-12.323	247.09	42.801
205.01	8.8104e-10	0.32853	60.54	-11.181	239.75	41.055
208.19	7.3855e-10	3.1245	54.623	-12.296	235.73	32.108
215.28	2.3345e-09	1.0363	55.266	-9.7076	239.32	42.395
225.7	4.1005e-11	0.67063	62.937	-14.405	229.76	70.372
220.8	1.1901e-10	4.2523	55.76	-13.16	234.77	26.483
227.01	4.9878e-10	0.45476	64.732	-11.325	232.06	33.129
234.89	3.8804e-09	1.5305	57.17	-13.808	249.47	48.769
236.76	4.86e-10	2.0364	55.044	-17.163	252.23	32.577
249.64	6.9476e-11	0.982	57.54	-10.988	233.08	71.281
318.14	1.22e-10	3.5419	66.226	-18.638	242.12	37.436
316.12	7.0602e-11	0.83778	62.092	-10.957	241.58	19.978
318.66	3.8095e-10	2.8746	60.213	-13.732	252.6	17.301
326.89	1.117e-10	5.3159	59.454	-17.755	245.25	36.842
334.21	1.0493e-10	3.1741	60.711	-14.25	237.3	51.039
334.38	1.0233e-11	1.981	67.45	-17.105	240.44	38.183
331.59	3.6744e-11	0.27862	56.313	-13.861	242.51	12.585
342.98	4.704e-12	6.0086	65.11	-16.335	242.09	41.063
346.05	2.2007e-10	5.6899	66.361	-16.831	251.29	41.585
352.45	1.2499e-11	4.8137	65.521	-13.559	235.3	50.624
353.43	5.459e-12	5.6675	67.813	-16.48	239.73	36.134
357.43	1.1228e-11	0.0025878	59.107	-18.275	244.96	38.196
362.3	2.377e-12	2.5975	63.613	-20.025	251.4	41.645
366.83	4.5983e-13	1.5479	53.613	-15.899	249.96	44.993
369.44	1.6837e-11	6.1811	60.142	-15.807	238.49	36.099
376.03	1.5237e-12	1.1193	58.286	-17.161	239.16	47.814
374.95	8.5763e-12	2.1156	57.228	-16.318	250.02	26.508
381.95	4.7223e-12	2.6785	72.071	-14.807	241.93	38.302
385.49	1.0558e-13	2.3708	73.595	-20.035	256.39	36.241
389.95	1.8123e-11	3.5545	59.732	-14.255	240.03	36.236
396.05	2.3835e-12	3.861	58.927	-18.491	238.49	43.84
399.05	6.7994e-13	3.0885	65.765	-14.298	236.28	38.831
403.36	4.2651e-13	1.5647	68.69	-11.933	260.1	44.569
517.88	9.4359e-14	2.614	61.72	-19.146	244.5	36.247
516.72	1.7805e-13	4.9963	57.839	-17.484	245.94	21.835
524.08	2.6491e-15	3.7174	65.428	-16.606	255.5	37.206
529.34	2.2531e-14	3.6857	59.252	-16.68	239.27	38.969
531.67	6.2065e-15	2.1412	57.813	-16.801	253.11	31.525
535.4	1.3584e-14	3.8152	69.887	-22.093	249.14	27.299
541.43	1.6432e-14	4.0748	60.314	-17.908	258.19	33.802
546.1	1.286e-14	5.1381	84.313	-19.548	245.82	30.046
545.51	6.0857e-14	3.3155	74.488	-17.521	254.32	11.363
557.22	3.1717e-15	3.4671	64.478	-18.726	247.18	34.321
553.93	1.422e-15	4.5604	50.98	-18.662	245.18	3.5439
691.5	1.7459e-16	5.9395	59.42	-19.842	252.06	26.499
696.98	1.7747e-16	0.87499	75.066	-23.39	259.45	40.187
699.07	1e-16	0.90072	61.073	-20.483	247.69	33.321
708.6	1e-16	4.7897	56.139	-16.129	237.88	59.654
701.05	1e-16	3.6358	56.768	-19.933	259.86	18.815
707.21	1e-16	5.7908	64.862	-18.998	257.73	28.518
712.02	1e-16	5.81	68.361	-22.547	245.2	31.929
713.14	1e-16	3.8564	76.451	-21.826	256.99	25.111
717.02	1e-16	2.4229	59.159	-20.63	246.2	25.979
722.99	1e-16	2.3396	66.259	-18.56	250.12	35.696
723.9	1e-16	0.02872	68.21	-17.24	241.36	25.437
733.92	1e-16	3.5143	71.559	-20.694	266.9	72.059
733.33	1e-16	5.0682	65.117	-21.647	256.02	35.803
738.11	1e-16	3.9763	65.301	-15.377	238.68	38.032
740.27	1e-16	6.0369	65.186	-23.704	253.14	33.251
742.49	1e-16	5.4914	72.456	-18.417	244.89	27.778
745.03	1e-16	5.8489	64.306	-19.905	267.77	27.158
746.15	1e-16	4.4872	67.827	-21.05	251.43	15.081
757.46	1e-16	4.8538	63.699	-20.977	250.18	42.577
755.52	1e-16	5.2319	75.64	-20.025	260.74	22.944
763.27	1e-16	4.1449	69.616	-18.538	243.03	36.009
767.42	1e-16	6.2641	68.322	-22.546	240.23	36.549
767.7	1e-16	0.41594	63.363	-18.515	253.9	25.823
773.72	1e-16	5.442	79.502	-18.9	248.26	33.504
776.01	1e-16	4.174	70.443	-23.352	241.06	27.443
782.52	1e-16	3.7883	78.001	-15.9	240.94	37.378
